FACIAL_LANDMARKS_IDXS = OrderedDict([
	("mouth", (48, 68)),
	("right_eyebrow", (17, 22)),
	("left_eyebrow", (22, 27)),
	("right_eye", (36, 42)),
	("left_eye", (42, 48)),
	("nose", (27, 35)),
	("jaw", (0, 17))
])

[[181 225]
 [186 252]
 [192 278]
 [201 302]
 [213 326]
 [232 345]
 [254 360]
 [279 370]
 [304 370]
 [324 362]
 [340 345]
 [352 325]
 [360 302]
 [363 277]
 [363 253]
 [362 230]
 [357 208]
 [206 211]
 [218 197]
 [236 190]
 [256 190]
 [273 196]
 [299 193]
 [312 186]
 [328 182]
 [343 184]
 [351 196]
 [289 213]
 [292 228]
 [296 243]
 [300 258]
 [276 275]
 [288 277]
 [300 278]
 [309 274]
 [317 269]
 [227 225]
 [239 220]
 [250 218]
 [262 223]
 [251 226]
 [239 228]
 [308 219]
 [319 212]
 [330 211]
 [340 215]
 [331 219]
 [320 220]
 [262 313]
 [279 303]
 [293 296]
 [303 297]
 [312 293]
 [324 296]
 [333 302]
 [327 317]
 [317 324]
 [307 328]
 [296 329]
 [280 326]
 [269 312]
 [294 308]
 [304 308]
 [313 305]
 [328 303]
 [315 309]
 [305 312]
 [295 312]]
